--------------------------------------------------------------------------------------------------------
system size:                                                                                       512  
d-field:                                                                                           0    
beta:                                                                                              10   
boundary conditions:                                                                           periodic 
--------------------------------------------------------------------------------------------------------
energy:                                                                                 -716.8011.2e+02 
string corr. squared:                                                                   -nan    -nan    
staggered mag. squared:                                                                 909.927 1.6e+06 
--------------------------------------------------------------------------------------------------------
Site  <S_i^zS_j^z>  error     <(S_i^z)^2>  error     <S_i^z>  error     
--------------------------------------------------------------------------------------------------------
0     0.667         1.3e-02   0.667        1.3e-02   0.000    1.5e-01   
1     -0.467        2.0e-02   0.667        1.2e-02   -0.002   1.5e-01   
2     0.250         3.0e-02   0.666        1.2e-02   0.003    1.5e-01   
3     -0.192        3.3e-02   0.666        1.2e-02   -0.004   1.5e-01   
4     0.139         3.6e-02   0.667        1.2e-02   0.005    1.5e-01   
5     -0.110        3.8e-02   0.668        1.2e-02   -0.005   1.5e-01   
6     0.085         3.9e-02   0.667        1.2e-02   0.006    1.5e-01   
7     -0.068        4.0e-02   0.667        1.2e-02   -0.005   1.5e-01   
8     0.055         4.1e-02   0.667        1.2e-02   0.004    1.5e-01   
9     -0.045        4.1e-02   0.666        1.2e-02   -0.004   1.5e-01   
10    0.035         4.2e-02   0.667        1.3e-02   0.004    1.5e-01   
11    -0.030        4.1e-02   0.666        1.2e-02   -0.004   1.5e-01   
12    0.026         4.1e-02   0.666        1.2e-02   0.004    1.5e-01   
13    -0.022        4.1e-02   0.666        1.2e-02   -0.004   1.5e-01   
14    0.017         4.2e-02   0.667        1.2e-02   0.004    1.5e-01   
15    -0.012        4.1e-02   0.667        1.2e-02   -0.003   1.5e-01   
16    0.010         4.2e-02   0.667        1.2e-02   0.002    1.5e-01   
17    -0.008        4.2e-02   0.667        1.2e-02   -0.000   1.5e-01   
18    0.007         4.2e-02   0.666        1.3e-02   0.001    1.5e-01   
19    -0.005        4.2e-02   0.667        1.2e-02   -0.001   1.5e-01   
20    0.004         4.1e-02   0.667        1.2e-02   0.001    1.5e-01   
21    -0.004        4.1e-02   0.666        1.2e-02   -0.002   1.5e-01   
22    0.003         4.2e-02   0.666        1.2e-02   -0.001   1.5e-01   
23    -0.003        4.2e-02   0.665        1.2e-02   0.000    1.5e-01   
24    0.003         4.2e-02   0.666        1.2e-02   0.002    1.5e-01   
25    -0.003        4.2e-02   0.667        1.2e-02   -0.001   1.5e-01   
26    0.002         4.2e-02   0.668        1.2e-02   0.002    1.5e-01   
27    -0.001        4.2e-02   0.666        1.2e-02   -0.003   1.5e-01   
28    -0.001        4.2e-02   0.666        1.2e-02   0.005    1.5e-01   
29    0.001         4.1e-02   0.667        1.2e-02   -0.006   1.5e-01   
30    0.001         4.2e-02   0.666        1.2e-02   0.007    1.5e-01   
31    -0.001        4.2e-02   0.668        1.2e-02   -0.008   1.5e-01   
32    0.001         4.2e-02   0.667        1.2e-02   0.007    1.5e-01   
33    -0.000        4.2e-02   0.666        1.2e-02   -0.006   1.5e-01   
34    0.001         4.2e-02   0.666        1.2e-02   0.007    1.5e-01   
35    -0.001        4.2e-02   0.667        1.2e-02   -0.007   1.5e-01   
36    0.001         4.2e-02   0.667        1.2e-02   0.005    1.5e-01   
37    -0.002        4.2e-02   0.666        1.2e-02   -0.004   1.5e-01   
38    0.002         4.2e-02   0.667        1.2e-02   0.003    1.5e-01   
39    -0.001        4.2e-02   0.668        1.2e-02   -0.002   1.5e-01   
40    0.001         4.2e-02   0.667        1.2e-02   0.003    1.5e-01   
41    -0.001        4.3e-02   0.666        1.2e-02   -0.002   1.5e-01   
42    0.000         4.2e-02   0.667        1.2e-02   0.002    1.5e-01   
43    -0.000        4.2e-02   0.666        1.2e-02   -0.002   1.5e-01   
44    -0.000        4.2e-02   0.666        1.2e-02   0.001    1.5e-01   
45    0.001         4.2e-02   0.665        1.2e-02   0.001    1.5e-01   
46    -0.001        4.1e-02   0.666        1.2e-02   -0.001   1.5e-01   
47    0.000         4.2e-02   0.666        1.2e-02   0.001    1.5e-01   
48    0.000         4.2e-02   0.666        1.2e-02   -0.001   1.5e-01   
49    0.001         4.2e-02   0.667        1.2e-02   0.000    1.5e-01   
50    0.000         4.2e-02   0.667        1.2e-02   -0.000   1.5e-01   
51    -0.002        4.2e-02   0.667        1.2e-02   0.001    1.5e-01   
52    0.002         4.3e-02   0.667        1.3e-02   -0.002   1.5e-01   
53    -0.002        4.2e-02   0.666        1.2e-02   0.002    1.5e-01   
54    0.002         4.2e-02   0.666        1.2e-02   -0.000   1.5e-01   
55    -0.002        4.2e-02   0.666        1.2e-02   -0.001   1.5e-01   
56    0.001         4.2e-02   0.667        1.2e-02   0.001    1.5e-01   
57    -0.001        4.2e-02   0.667        1.2e-02   0.000    1.5e-01   
58    0.002         4.2e-02   0.666        1.2e-02   -0.000   1.5e-01   
59    -0.001        4.2e-02   0.667        1.2e-02   0.002    1.5e-01   
60    0.000         4.2e-02   0.668        1.2e-02   -0.001   1.5e-01   
61    0.000         4.2e-02   0.667        1.2e-02   0.000    1.5e-01   
62    -0.000        4.2e-02   0.667        1.2e-02   -0.002   1.5e-01   
63    -0.000        4.2e-02   0.667        1.2e-02   0.004    1.5e-01   
64    -0.000        4.2e-02   0.667        1.2e-02   -0.005   1.5e-01   
65    -0.000        4.2e-02   0.668        1.2e-02   0.005    1.5e-01   
66    0.001         4.2e-02   0.667        1.2e-02   -0.002   1.5e-01   
67    -0.001        4.1e-02   0.666        1.2e-02   0.000    1.5e-01   
68    0.002         4.2e-02   0.666        1.2e-02   0.001    1.5e-01   
69    -0.002        4.2e-02   0.667        1.2e-02   -0.001   1.5e-01   
70    0.002         4.2e-02   0.667        1.2e-02   -0.000   1.5e-01   
71    -0.002        4.2e-02   0.667        1.2e-02   -0.001   1.5e-01   
72    0.001         4.2e-02   0.666        1.2e-02   0.001    1.5e-01   
73    -0.002        4.2e-02   0.666        1.2e-02   -0.002   1.5e-01   
74    0.001         4.2e-02   0.666        1.2e-02   0.002    1.5e-01   
75    -0.001        4.2e-02   0.666        1.2e-02   -0.002   1.5e-01   
76    0.001         4.2e-02   0.665        1.2e-02   0.003    1.5e-01   
77    0.001         4.2e-02   0.667        1.2e-02   -0.004   1.5e-01   
78    -0.001        4.2e-02   0.667        1.2e-02   0.003    1.5e-01   
79    0.001         4.2e-02   0.667        1.2e-02   -0.002   1.5e-01   
80    -0.000        4.1e-02   0.667        1.2e-02   0.004    1.5e-01   
81    -0.001        4.2e-02   0.667        1.2e-02   -0.004   1.5e-01   
82    0.001         4.2e-02   0.666        1.2e-02   0.003    1.5e-01   
83    -0.003        4.2e-02   0.667        1.2e-02   -0.000   1.5e-01   
84    0.003         4.2e-02   0.667        1.2e-02   -0.000   1.5e-01   
85    -0.003        4.2e-02   0.667        1.2e-02   -0.001   1.5e-01   
86    0.003         4.2e-02   0.666        1.2e-02   0.002    1.5e-01   
87    -0.003        4.2e-02   0.665        1.2e-02   -0.001   1.5e-01   
88    0.003         4.2e-02   0.666        1.2e-02   -0.001   1.5e-01   
89    -0.002        4.2e-02   0.666        1.2e-02   0.003    1.5e-01   
90    0.002         4.2e-02   0.666        1.3e-02   -0.003   1.5e-01   
91    -0.002        4.2e-02   0.666        1.2e-02   0.002    1.5e-01   
92    0.001         4.2e-02   0.665        1.2e-02   -0.000   1.5e-01   
93    -0.002        4.2e-02   0.667        1.2e-02   -0.000   1.5e-01   
94    0.002         4.2e-02   0.667        1.2e-02   0.000    1.5e-01   
95    -0.001        4.2e-02   0.666        1.2e-02   0.000    1.5e-01   
96    0.001         4.2e-02   0.666        1.2e-02   -0.001   1.5e-01   
97    -0.001        4.2e-02   0.667        1.2e-02   0.001    1.5e-01   
98    0.001         4.2e-02   0.668        1.2e-02   0.001    1.5e-01   
99    -0.001        4.2e-02   0.666        1.2e-02   -0.002   1.5e-01   
100   -0.000        4.2e-02   0.667        1.2e-02   0.003    1.5e-01   
101   0.001         4.2e-02   0.666        1.2e-02   -0.002   1.5e-01   
102   -0.000        4.2e-02   0.666        1.2e-02   0.003    1.5e-01   
103   -0.000        4.2e-02   0.667        1.2e-02   -0.004   1.5e-01   
104   -0.000        4.2e-02   0.667        1.2e-02   0.004    1.5e-01   
105   0.001         4.2e-02   0.667        1.2e-02   -0.003   1.5e-01   
106   0.000         4.2e-02   0.666        1.2e-02   0.005    1.5e-01   
107   -0.001        4.2e-02   0.667        1.2e-02   -0.004   1.5e-01   
108   -0.000        4.2e-02   0.669        1.2e-02   0.001    1.5e-01   
109   -0.001        4.2e-02   0.667        1.3e-02   0.001    1.5e-01   
110   0.001         4.2e-02   0.666        1.2e-02   -0.000   1.5e-01   
111   -0.001        4.3e-02   0.666        1.2e-02   -0.000   1.5e-01   
112   0.001         4.3e-02   0.667        1.3e-02   -0.002   1.5e-01   
113   -0.001        4.2e-02   0.666        1.2e-02   0.001    1.5e-01   
114   0.003         4.2e-02   0.665        1.2e-02   -0.001   1.5e-01   
115   -0.002        4.1e-02   0.665        1.2e-02   0.002    1.5e-01   
116   -0.000        4.1e-02   0.666        1.2e-02   -0.003   1.5e-01   
117   -0.000        4.1e-02   0.665        1.2e-02   0.003    1.5e-01   
118   0.001         4.1e-02   0.667        1.2e-02   -0.004   1.5e-01   
119   0.000         4.2e-02   0.666        1.2e-02   0.004    1.5e-01   
120   0.000         4.2e-02   0.666        1.2e-02   -0.004   1.5e-01   
121   -0.001        4.2e-02   0.666        1.2e-02   0.004    1.5e-01   
122   0.001         4.2e-02   0.666        1.2e-02   -0.005   1.5e-01   
123   -0.001        4.2e-02   0.667        1.2e-02   0.004    1.5e-01   
124   0.002         4.2e-02   0.667        1.2e-02   -0.003   1.5e-01   
125   -0.003        4.2e-02   0.667        1.2e-02   0.002    1.5e-01   
126   0.003         4.2e-02   0.668        1.2e-02   -0.003   1.5e-01   
127   -0.003        4.3e-02   0.667        1.2e-02   0.004    1.5e-01   
128   0.002         4.3e-02   0.668        1.2e-02   -0.003   1.5e-01   
129   -0.002        4.2e-02   0.667        1.2e-02   0.004    1.5e-01   
130   0.002         4.3e-02   0.667        1.2e-02   -0.004   1.5e-01   
131   -0.002        4.3e-02   0.667        1.2e-02   0.004    1.5e-01   
132   0.002         4.2e-02   0.667        1.2e-02   -0.003   1.5e-01   
133   -0.001        4.2e-02   0.666        1.2e-02   0.004    1.5e-01   
134   0.001         4.2e-02   0.667        1.2e-02   -0.005   1.5e-01   
135   -0.001        4.2e-02   0.666        1.2e-02   0.004    1.5e-01   
136   -0.000        4.2e-02   0.666        1.2e-02   -0.005   1.5e-01   
137   0.000         4.2e-02   0.666        1.2e-02   0.004    1.5e-01   
138   0.001         4.2e-02   0.666        1.2e-02   -0.004   1.5e-01   
139   -0.002        4.2e-02   0.666        1.2e-02   0.005    1.5e-01   
140   0.002         4.2e-02   0.666        1.2e-02   -0.002   1.5e-01   
141   -0.001        4.1e-02   0.666        1.2e-02   0.002    1.5e-01   
142   0.001         4.2e-02   0.666        1.2e-02   -0.001   1.5e-01   
143   -0.001        4.1e-02   0.666        1.2e-02   -0.001   1.5e-01   
144   -0.001        4.1e-02   0.667        1.2e-02   0.001    1.5e-01   
145   0.002         4.2e-02   0.667        1.2e-02   -0.003   1.5e-01   
146   -0.001        4.2e-02   0.664        1.2e-02   0.004    1.5e-01   
147   -0.000        4.1e-02   0.665        1.2e-02   -0.006   1.5e-01   
148   0.002         4.1e-02   0.665        1.2e-02   0.008    1.5e-01   
149   -0.001        4.2e-02   0.666        1.2e-02   -0.010   1.5e-01   
150   0.001         4.2e-02   0.666        1.2e-02   0.009    1.5e-01   
151   -0.001        4.2e-02   0.667        1.2e-02   -0.007   1.5e-01   
152   0.001         4.2e-02   0.665        1.2e-02   0.006    1.5e-01   
153   -0.002        4.3e-02   0.667        1.2e-02   -0.007   1.5e-01   
154   0.001         4.3e-02   0.666        1.2e-02   0.009    1.5e-01   
155   -0.002        4.2e-02   0.667        1.2e-02   -0.007   1.5e-01   
156   0.002         4.2e-02   0.667        1.2e-02   0.004    1.5e-01   
157   -0.001        4.2e-02   0.667        1.2e-02   -0.004   1.5e-01   
158   0.002         4.2e-02   0.666        1.2e-02   0.003    1.5e-01   
159   -0.001        4.2e-02   0.667        1.2e-02   -0.005   1.5e-01   
160   0.002         4.2e-02   0.667        1.2e-02   0.004    1.5e-01   
161   -0.001        4.2e-02   0.667        1.2e-02   -0.004   1.5e-01   
162   0.001         4.2e-02   0.667        1.2e-02   0.003    1.5e-01   
163   0.000         4.2e-02   0.667        1.2e-02   -0.001   1.5e-01   
164   -0.001        4.2e-02   0.667        1.2e-02   0.001    1.5e-01   
165   0.002         4.2e-02   0.667        1.2e-02   -0.000   1.5e-01   
166   -0.002        4.2e-02   0.668        1.2e-02   -0.004   1.5e-01   
167   0.001         4.2e-02   0.666        1.2e-02   0.004    1.5e-01   
168   -0.000        4.2e-02   0.667        1.2e-02   -0.004   1.5e-01   
169   0.001         4.2e-02   0.666        1.2e-02   0.006    1.5e-01   
170   -0.001        4.2e-02   0.667        1.2e-02   -0.006   1.5e-01   
171   0.000         4.2e-02   0.667        1.2e-02   0.007    1.5e-01   
172   -0.001        4.2e-02   0.667        1.2e-02   -0.006   1.5e-01   
173   0.001         4.2e-02   0.667        1.2e-02   0.004    1.5e-01   
174   -0.001        4.1e-02   0.667        1.2e-02   -0.005   1.5e-01   
175   0.001         4.1e-02   0.666        1.2e-02   0.003    1.5e-01   
176   -0.001        4.2e-02   0.668        1.2e-02   -0.003   1.5e-01   
177   0.001         4.2e-02   0.668        1.2e-02   0.002    1.5e-01   
178   -0.003        4.2e-02   0.668        1.2e-02   -0.002   1.5e-01   
179   0.003         4.2e-02   0.668        1.2e-02   0.003    1.5e-01   
180   -0.003        4.2e-02   0.666        1.2e-02   -0.001   1.5e-01   
181   0.003         4.2e-02   0.666        1.2e-02   0.001    1.5e-01   
182   -0.001        4.2e-02   0.667        1.2e-02   -0.002   1.5e-01   
183   0.002         4.2e-02   0.667        1.2e-02   0.003    1.5e-01   
184   -0.003        4.1e-02   0.665        1.2e-02   -0.002   1.5e-01   
185   0.001         4.1e-02   0.665        1.2e-02   0.001    1.5e-01   
186   -0.000        4.1e-02   0.665        1.2e-02   -0.001   1.5e-01   
187   0.000         4.2e-02   0.666        1.2e-02   0.000    1.5e-01   
188   0.000         4.2e-02   0.666        1.2e-02   -0.000   1.5e-01   
189   0.001         4.2e-02   0.666        1.2e-02   -0.001   1.5e-01   
190   -0.003        4.2e-02   0.666        1.2e-02   -0.001   1.5e-01   
191   0.002         4.2e-02   0.665        1.3e-02   0.001    1.5e-01   
192   -0.003        4.2e-02   0.666        1.2e-02   0.000    1.5e-01   
193   0.002         4.2e-02   0.665        1.2e-02   -0.002   1.5e-01   
194   -0.002        4.2e-02   0.666        1.2e-02   0.005    1.5e-01   
195   0.003         4.2e-02   0.667        1.2e-02   -0.006   1.5e-01   
196   -0.003        4.2e-02   0.667        1.2e-02   0.007    1.5e-01   
197   0.002         4.2e-02   0.667        1.2e-02   -0.005   1.5e-01   
198   -0.002        4.2e-02   0.667        1.2e-02   0.003    1.5e-01   
199   0.002         4.2e-02   0.667        1.2e-02   -0.005   1.5e-01   
200   -0.002        4.2e-02   0.668        1.2e-02   0.007    1.5e-01   
201   0.004         4.2e-02   0.667        1.2e-02   -0.006   1.5e-01   
202   -0.003        4.2e-02   0.667        1.2e-02   0.007    1.5e-01   
203   0.003         4.2e-02   0.667        1.2e-02   -0.009   1.5e-01   
204   -0.003        4.2e-02   0.667        1.2e-02   0.010    1.5e-01   
205   0.003         4.2e-02   0.667        1.2e-02   -0.009   1.5e-01   
206   -0.002        4.1e-02   0.667        1.2e-02   0.007    1.5e-01   
207   0.001         4.1e-02   0.667        1.2e-02   -0.007   1.5e-01   
208   -0.002        4.2e-02   0.666        1.2e-02   0.007    1.5e-01   
209   0.001         4.1e-02   0.666        1.2e-02   -0.006   1.5e-01   
210   0.001         4.1e-02   0.665        1.2e-02   0.006    1.5e-01   
211   -0.001        4.2e-02   0.666        1.2e-02   -0.003   1.5e-01   
212   -0.000        4.2e-02   0.666        1.3e-02   0.002    1.5e-01   
213   0.002         4.1e-02   0.666        1.2e-02   0.001    1.5e-01   
214   -0.001        4.2e-02   0.667        1.2e-02   -0.001   1.5e-01   
215   -0.000        4.2e-02   0.666        1.2e-02   0.000    1.5e-01   
216   -0.000        4.2e-02   0.667        1.2e-02   -0.000   1.5e-01   
217   -0.001        4.2e-02   0.667        1.2e-02   0.003    1.5e-01   
218   0.002         4.2e-02   0.667        1.2e-02   -0.005   1.5e-01   
219   -0.000        4.2e-02   0.666        1.2e-02   0.004    1.5e-01   
220   -0.001        4.1e-02   0.666        1.2e-02   -0.004   1.5e-01   
221   0.002         4.2e-02   0.666        1.2e-02   0.004    1.5e-01   
222   -0.002        4.2e-02   0.668        1.2e-02   -0.003   1.5e-01   
223   -0.000        4.2e-02   0.667        1.2e-02   0.003    1.5e-01   
224   0.001         4.3e-02   0.667        1.2e-02   -0.003   1.5e-01   
225   -0.001        4.2e-02   0.665        1.2e-02   0.002    1.5e-01   
226   0.001         4.2e-02   0.666        1.2e-02   -0.001   1.5e-01   
227   -0.001        4.2e-02   0.666        1.2e-02   0.002    1.5e-01   
228   -0.000        4.2e-02   0.666        1.2e-02   -0.001   1.5e-01   
229   -0.002        4.2e-02   0.665        1.2e-02   0.001    1.4e-01   
230   0.003         4.2e-02   0.666        1.2e-02   -0.002   1.5e-01   
231   -0.003        4.2e-02   0.667        1.2e-02   -0.001   1.5e-01   
232   0.003         4.2e-02   0.667        1.2e-02   0.002    1.5e-01   
233   -0.002        4.2e-02   0.668        1.2e-02   -0.001   1.5e-01   
234   0.001         4.2e-02   0.666        1.2e-02   0.000    1.5e-01   
235   -0.001        4.2e-02   0.666        1.2e-02   -0.000   1.5e-01   
236   0.001         4.2e-02   0.667        1.2e-02   0.001    1.5e-01   
237   -0.001        4.2e-02   0.666        1.2e-02   -0.001   1.5e-01   
238   0.001         4.2e-02   0.666        1.2e-02   -0.000   1.5e-01   
239   -0.002        4.1e-02   0.666        1.2e-02   0.000    1.5e-01   
240   0.002         4.1e-02   0.666        1.2e-02   -0.002   1.5e-01   
241   -0.003        4.2e-02   0.667        1.2e-02   0.001    1.5e-01   
242   0.004         4.2e-02   0.666        1.2e-02   -0.001   1.5e-01   
243   -0.003        4.2e-02   0.666        1.2e-02   0.002    1.5e-01   
244   0.003         4.2e-02   0.664        1.3e-02   -0.002   1.5e-01   
245   -0.003        4.2e-02   0.665        1.2e-02   0.001    1.5e-01   
246   0.000         4.2e-02   0.665        1.2e-02   -0.001   1.5e-01   
247   -0.000        4.2e-02   0.666        1.2e-02   0.003    1.5e-01   
248   0.002         4.1e-02   0.666        1.2e-02   -0.003   1.5e-01   
249   -0.004        4.1e-02   0.666        1.2e-02   0.003    1.5e-01   
250   0.004         4.2e-02   0.667        1.2e-02   -0.001   1.5e-01   
251   -0.001        4.2e-02   0.666        1.2e-02   -0.001   1.5e-01   
252   0.001         4.2e-02   0.666        1.2e-02   -0.001   1.5e-01   
253   -0.001        4.2e-02   0.667        1.2e-02   0.001    1.5e-01   
254   -0.001        4.2e-02   0.669        1.2e-02   0.000    1.5e-01   
255   0.001         4.2e-02   0.667        1.2e-02   -0.000   1.5e-01   
256   -0.001        4.2e-02   0.667        1.2e-02   -0.001   1.5e-01   
257   0.001         4.2e-02   0.667        1.2e-02   -0.001   1.5e-01   
258   -0.000        4.2e-02   0.668        1.2e-02   0.002    1.5e-01   
259   0.001         4.2e-02   0.667        1.2e-02   -0.002   1.5e-01   
260   -0.001        4.2e-02   0.666        1.2e-02   0.002    1.5e-01   
261   -0.000        4.2e-02   0.666        1.2e-02   -0.001   1.5e-01   
262   0.000         4.3e-02   0.667        1.2e-02   0.002    1.5e-01   
263   -0.000        4.3e-02   0.666        1.2e-02   -0.002   1.5e-01   
264   0.000         4.2e-02   0.667        1.2e-02   0.002    1.5e-01   
265   0.000         4.2e-02   0.668        1.3e-02   -0.001   1.5e-01   
266   -0.000        4.3e-02   0.668        1.2e-02   0.001    1.5e-01   
267   -0.001        4.3e-02   0.668        1.2e-02   -0.003   1.5e-01   
268   0.002         4.2e-02   0.667        1.2e-02   0.002    1.5e-01   
269   -0.001        4.2e-02   0.667        1.2e-02   0.000    1.5e-01   
270   -0.000        4.2e-02   0.667        1.2e-02   -0.002   1.5e-01   
271   -0.001        4.2e-02   0.667        1.2e-02   -0.001   1.5e-01   
272   0.002         4.2e-02   0.667        1.2e-02   0.003    1.5e-01   
273   -0.003        4.2e-02   0.665        1.2e-02   -0.000   1.5e-01   
274   0.004         4.2e-02   0.666        1.2e-02   0.002    1.5e-01   
275   -0.003        4.2e-02   0.665        1.2e-02   -0.002   1.5e-01   
276   0.001         4.2e-02   0.667        1.2e-02   0.002    1.5e-01   
277   -0.003        4.2e-02   0.666        1.2e-02   -0.001   1.5e-01   
278   0.004         4.2e-02   0.667        1.2e-02   0.001    1.5e-01   
279   -0.002        4.2e-02   0.668        1.2e-02   -0.000   1.5e-01   
280   0.002         4.2e-02   0.667        1.2e-02   -0.001   1.5e-01   
281   -0.002        4.2e-02   0.667        1.2e-02   0.001    1.5e-01   
282   0.002         4.2e-02   0.666        1.2e-02   -0.003   1.5e-01   
283   -0.001        4.2e-02   0.665        1.2e-02   0.005    1.5e-01   
284   0.000         4.2e-02   0.666        1.2e-02   -0.007   1.5e-01   
285   -0.001        4.2e-02   0.667        1.2e-02   0.006    1.5e-01   
286   0.002         4.2e-02   0.666        1.2e-02   -0.007   1.5e-01   
287   -0.003        4.2e-02   0.667        1.2e-02   0.006    1.5e-01   
288   0.003         4.2e-02   0.667        1.2e-02   -0.003   1.5e-01   
289   -0.004        4.2e-02   0.666        1.2e-02   0.002    1.5e-01   
290   0.004         4.2e-02   0.665        1.2e-02   -0.001   1.5e-01   
291   -0.003        4.2e-02   0.665        1.2e-02   0.001    1.5e-01   
292   0.003         4.2e-02   0.666        1.2e-02   0.002    1.5e-01   
293   -0.004        4.2e-02   0.667        1.2e-02   -0.003   1.5e-01   
294   0.003         4.2e-02   0.667        1.2e-02   0.000    1.5e-01   
295   -0.003        4.2e-02   0.666        1.2e-02   0.001    1.5e-01   
296   0.003         4.2e-02   0.667        1.3e-02   -0.001   1.5e-01   
297   -0.001        4.2e-02   0.666        1.2e-02   0.002    1.5e-01   
298   0.003         4.2e-02   0.667        1.2e-02   -0.003   1.5e-01   
299   -0.003        4.2e-02   0.667        1.2e-02   0.003    1.5e-01   
300   0.002         4.2e-02   0.667        1.3e-02   -0.005   1.5e-01   
301   -0.001        4.2e-02   0.667        1.2e-02   0.006    1.5e-01   
302   0.002         4.2e-02   0.668        1.2e-02   -0.005   1.5e-01   
303   -0.002        4.2e-02   0.668        1.2e-02   0.006    1.5e-01   
304   0.002         4.3e-02   0.667        1.2e-02   -0.007   1.5e-01   
305   -0.002        4.2e-02   0.667        1.2e-02   0.008    1.5e-01   
306   0.002         4.3e-02   0.667        1.2e-02   -0.007   1.5e-01   
307   -0.000        4.3e-02   0.667        1.2e-02   0.005    1.5e-01   
308   0.001         4.3e-02   0.667        1.2e-02   -0.004   1.5e-01   
309   -0.001        4.3e-02   0.667        1.2e-02   0.004    1.5e-01   
310   0.001         4.2e-02   0.668        1.2e-02   -0.003   1.5e-01   
311   -0.000        4.2e-02   0.667        1.2e-02   0.001    1.5e-01   
312   0.000         4.2e-02   0.666        1.2e-02   -0.003   1.5e-01   
313   -0.001        4.2e-02   0.667        1.2e-02   0.002    1.5e-01   
314   0.001         4.3e-02   0.668        1.2e-02   0.001    1.5e-01   
315   -0.001        4.3e-02   0.667        1.2e-02   0.000    1.5e-01   
316   0.000         4.2e-02   0.667        1.2e-02   -0.002   1.5e-01   
317   0.000         4.2e-02   0.668        1.2e-02   0.002    1.5e-01   
318   -0.001        4.2e-02   0.667        1.2e-02   -0.004   1.5e-01   
319   0.001         4.2e-02   0.667        1.2e-02   0.003    1.5e-01   
320   -0.001        4.2e-02   0.668        1.2e-02   -0.000   1.5e-01   
321   0.001         4.2e-02   0.668        1.2e-02   0.001    1.5e-01   
322   -0.001        4.2e-02   0.667        1.2e-02   -0.001   1.5e-01   
323   0.002         4.2e-02   0.667        1.2e-02   0.003    1.5e-01   
324   -0.001        4.2e-02   0.667        1.2e-02   -0.004   1.5e-01   
325   0.002         4.2e-02   0.667        1.2e-02   0.002    1.5e-01   
326   -0.001        4.2e-02   0.667        1.2e-02   -0.001   1.5e-01   
327   0.001         4.2e-02   0.667        1.2e-02   -0.001   1.5e-01   
328   -0.001        4.2e-02   0.667        1.2e-02   0.003    1.5e-01   
329   0.000         4.2e-02   0.666        1.2e-02   -0.003   1.5e-01   
330   -0.001        4.2e-02   0.666        1.2e-02   0.002    1.5e-01   
331   0.002         4.2e-02   0.668        1.2e-02   -0.002   1.5e-01   
332   -0.002        4.3e-02   0.668        1.2e-02   0.004    1.5e-01   
333   0.001         4.2e-02   0.667        1.2e-02   -0.008   1.5e-01   
334   -0.002        4.2e-02   0.667        1.2e-02   0.007    1.5e-01   
335   0.003         4.2e-02   0.666        1.2e-02   -0.004   1.5e-01   
336   -0.002        4.1e-02   0.666        1.2e-02   0.003    1.5e-01   
337   0.001         4.2e-02   0.666        1.2e-02   -0.004   1.5e-01   
338   -0.000        4.2e-02   0.667        1.2e-02   0.004    1.5e-01   
339   -0.000        4.1e-02   0.666        1.2e-02   -0.003   1.5e-01   
340   -0.000        4.1e-02   0.667        1.3e-02   0.003    1.5e-01   
341   -0.000        4.1e-02   0.666        1.2e-02   -0.004   1.5e-01   
342   0.001         4.1e-02   0.667        1.2e-02   0.004    1.5e-01   
343   -0.002        4.2e-02   0.667        1.2e-02   -0.004   1.5e-01   
344   0.001         4.2e-02   0.667        1.2e-02   0.004    1.5e-01   
345   -0.002        4.1e-02   0.666        1.2e-02   -0.004   1.5e-01   
346   0.003         4.1e-02   0.665        1.2e-02   0.004    1.5e-01   
347   -0.003        4.1e-02   0.666        1.2e-02   -0.004   1.5e-01   
348   0.003         4.1e-02   0.667        1.2e-02   0.004    1.5e-01   
349   -0.003        4.2e-02   0.668        1.2e-02   -0.001   1.5e-01   
350   0.003         4.1e-02   0.667        1.2e-02   -0.001   1.5e-01   
351   -0.003        4.2e-02   0.667        1.2e-02   -0.002   1.5e-01   
352   0.002         4.2e-02   0.666        1.2e-02   0.001    1.5e-01   
353   -0.002        4.2e-02   0.666        1.2e-02   -0.000   1.5e-01   
354   0.002         4.2e-02   0.669        1.2e-02   -0.000   1.5e-01   
355   -0.001        4.2e-02   0.668        1.2e-02   -0.000   1.5e-01   
356   0.001         4.2e-02   0.668        1.2e-02   0.002    1.5e-01   
357   -0.001        4.2e-02   0.667        1.3e-02   -0.004   1.5e-01   
358   0.001         4.2e-02   0.667        1.2e-02   0.003    1.5e-01   
359   -0.001        4.2e-02   0.667        1.2e-02   -0.003   1.5e-01   
360   0.000         4.2e-02   0.666        1.2e-02   0.004    1.5e-01   
361   -0.000        4.2e-02   0.666        1.2e-02   -0.002   1.5e-01   
362   0.001         4.2e-02   0.667        1.2e-02   0.001    1.5e-01   
363   -0.000        4.2e-02   0.667        1.2e-02   -0.001   1.5e-01   
364   0.001         4.2e-02   0.666        1.2e-02   0.000    1.5e-01   
365   -0.001        4.2e-02   0.667        1.2e-02   0.000    1.5e-01   
366   0.001         4.2e-02   0.667        1.2e-02   -0.000   1.5e-01   
367   -0.000        4.2e-02   0.667        1.2e-02   -0.001   1.5e-01   
368   0.000         4.2e-02   0.667        1.2e-02   0.001    1.5e-01   
369   -0.001        4.2e-02   0.667        1.2e-02   0.000    1.5e-01   
370   -0.001        4.2e-02   0.667        1.2e-02   -0.001   1.5e-01   
371   0.001         4.1e-02   0.666        1.2e-02   -0.001   1.5e-01   
372   -0.002        4.1e-02   0.666        1.2e-02   0.002    1.5e-01   
373   0.001         4.2e-02   0.667        1.2e-02   -0.003   1.5e-01   
374   -0.002        4.2e-02   0.666        1.2e-02   0.004    1.5e-01   
375   0.002         4.2e-02   0.666        1.2e-02   -0.004   1.5e-01   
376   -0.001        4.1e-02   0.666        1.2e-02   0.003    1.5e-01   
377   0.001         4.1e-02   0.666        1.2e-02   -0.003   1.5e-01   
378   -0.000        4.1e-02   0.666        1.2e-02   0.002    1.5e-01   
379   0.000         4.1e-02   0.666        1.2e-02   -0.000   1.5e-01   
380   0.000         4.1e-02   0.666        1.2e-02   -0.003   1.5e-01   
381   -0.001        4.1e-02   0.666        1.2e-02   0.002    1.5e-01   
382   0.001         4.2e-02   0.667        1.2e-02   -0.002   1.5e-01   
383   0.000         4.2e-02   0.666        1.2e-02   0.000    1.5e-01   
384   -0.000        4.2e-02   0.667        1.2e-02   -0.002   1.5e-01   
385   0.000         4.2e-02   0.667        1.2e-02   0.005    1.5e-01   
386   -0.000        4.2e-02   0.667        1.2e-02   -0.006   1.5e-01   
387   -0.000        4.2e-02   0.667        1.2e-02   0.004    1.5e-01   
388   0.000         4.2e-02   0.667        1.2e-02   -0.005   1.5e-01   
389   -0.001        4.2e-02   0.666        1.2e-02   0.008    1.5e-01   
390   0.001         4.1e-02   0.665        1.2e-02   -0.007   1.5e-01   
391   -0.001        4.2e-02   0.665        1.2e-02   0.007    1.5e-01   
392   0.000         4.2e-02   0.666        1.2e-02   -0.010   1.5e-01   
393   -0.001        4.2e-02   0.668        1.2e-02   0.012    1.5e-01   
394   0.001         4.3e-02   0.667        1.2e-02   -0.013   1.5e-01   
395   -0.001        4.3e-02   0.665        1.2e-02   0.010    1.5e-01   
396   0.001         4.2e-02   0.666        1.2e-02   -0.008   1.5e-01   
397   -0.001        4.2e-02   0.667        1.2e-02   0.009    1.5e-01   
398   0.001         4.2e-02   0.666        1.2e-02   -0.010   1.5e-01   
399   -0.000        4.2e-02   0.666        1.2e-02   0.010    1.5e-01   
400   -0.001        4.2e-02   0.667        1.2e-02   -0.007   1.5e-01   
401   0.000         4.2e-02   0.665        1.2e-02   0.008    1.5e-01   
402   0.002         4.2e-02   0.667        1.2e-02   -0.008   1.5e-01   
403   -0.003        4.2e-02   0.666        1.2e-02   0.006    1.5e-01   
404   0.002         4.2e-02   0.667        1.2e-02   -0.006   1.5e-01   
405   -0.001        4.2e-02   0.667        1.2e-02   0.005    1.5e-01   
406   0.001         4.2e-02   0.666        1.2e-02   -0.005   1.5e-01   
407   0.000         4.2e-02   0.667        1.2e-02   0.004    1.5e-01   
408   0.000         4.2e-02   0.667        1.2e-02   -0.004   1.5e-01   
409   -0.001        4.2e-02   0.666        1.2e-02   0.003    1.5e-01   
410   0.000         4.2e-02   0.667        1.2e-02   -0.004   1.5e-01   
411   0.001         4.2e-02   0.667        1.2e-02   0.006    1.5e-01   
412   -0.001        4.2e-02   0.668        1.2e-02   -0.005   1.5e-01   
413   -0.000        4.2e-02   0.666        1.2e-02   0.004    1.5e-01   
414   0.001         4.2e-02   0.667        1.3e-02   -0.005   1.5e-01   
415   -0.000        4.2e-02   0.667        1.2e-02   0.004    1.5e-01   
416   0.000         4.2e-02   0.667        1.2e-02   -0.005   1.5e-01   
417   0.000         4.2e-02   0.667        1.2e-02   0.005    1.5e-01   
418   -0.001        4.2e-02   0.666        1.2e-02   -0.005   1.5e-01   
419   0.003         4.2e-02   0.666        1.2e-02   0.004    1.5e-01   
420   -0.003        4.2e-02   0.667        1.2e-02   -0.004   1.5e-01   
421   0.002         4.2e-02   0.666        1.2e-02   0.006    1.5e-01   
422   -0.002        4.2e-02   0.667        1.2e-02   -0.005   1.5e-01   
423   0.001         4.2e-02   0.667        1.2e-02   0.003    1.5e-01   
424   -0.001        4.2e-02   0.666        1.2e-02   -0.001   1.5e-01   
425   0.000         4.2e-02   0.667        1.2e-02   0.000    1.5e-01   
426   0.001         4.2e-02   0.665        1.3e-02   0.002    1.5e-01   
427   0.001         4.2e-02   0.666        1.3e-02   -0.004   1.5e-01   
428   -0.000        4.2e-02   0.667        1.2e-02   0.003    1.5e-01   
429   -0.000        4.2e-02   0.666        1.2e-02   -0.004   1.5e-01   
430   0.001         4.3e-02   0.666        1.2e-02   0.003    1.5e-01   
431   -0.002        4.3e-02   0.666        1.3e-02   -0.003   1.5e-01   
432   0.001         4.3e-02   0.667        1.2e-02   0.002    1.5e-01   
433   -0.001        4.2e-02   0.665        1.2e-02   -0.001   1.5e-01   
434   0.002         4.2e-02   0.666        1.2e-02   0.001    1.5e-01   
435   -0.003        4.2e-02   0.665        1.2e-02   -0.002   1.5e-01   
436   0.002         4.2e-02   0.667        1.2e-02   0.003    1.5e-01   
437   -0.001        4.2e-02   0.666        1.2e-02   -0.003   1.5e-01   
438   0.002         4.2e-02   0.667        1.2e-02   0.001    1.5e-01   
439   -0.002        4.2e-02   0.666        1.2e-02   -0.001   1.5e-01   
440   0.002         4.1e-02   0.666        1.3e-02   0.004    1.5e-01   
441   -0.002        4.2e-02   0.666        1.2e-02   -0.003   1.5e-01   
442   0.001         4.2e-02   0.666        1.2e-02   0.004    1.5e-01   
443   -0.000        4.2e-02   0.666        1.2e-02   -0.003   1.5e-01   
444   0.001         4.2e-02   0.666        1.2e-02   0.002    1.5e-01   
445   -0.001        4.1e-02   0.666        1.2e-02   -0.003   1.5e-01   
446   0.000         4.2e-02   0.666        1.2e-02   0.002    1.5e-01   
447   0.000         4.2e-02   0.666        1.2e-02   -0.003   1.5e-01   
448   -0.000        4.2e-02   0.666        1.2e-02   0.004    1.5e-01   
449   0.001         4.2e-02   0.666        1.2e-02   -0.001   1.5e-01   
450   -0.001        4.2e-02   0.666        1.2e-02   -0.000   1.5e-01   
451   0.001         4.1e-02   0.666        1.2e-02   0.002    1.5e-01   
452   -0.000        4.1e-02   0.667        1.2e-02   -0.005   1.5e-01   
453   -0.001        4.1e-02   0.667        1.2e-02   0.005    1.5e-01   
454   0.001         4.1e-02   0.667        1.2e-02   -0.004   1.5e-01   
455   -0.000        4.1e-02   0.666        1.2e-02   0.004    1.5e-01   
456   0.000         4.2e-02   0.667        1.2e-02   -0.005   1.5e-01   
457   -0.001        4.2e-02   0.667        1.2e-02   0.006    1.5e-01   
458   0.001         4.2e-02   0.666        1.2e-02   -0.007   1.5e-01   
459   -0.002        4.2e-02   0.666        1.3e-02   0.005    1.5e-01   
460   -0.000        4.2e-02   0.666        1.3e-02   -0.003   1.5e-01   
461   -0.000        4.2e-02   0.667        1.2e-02   0.002    1.5e-01   
462   0.001         4.2e-02   0.667        1.3e-02   -0.002   1.5e-01   
463   -0.001        4.2e-02   0.668        1.2e-02   0.003    1.5e-01   
464   0.002         4.2e-02   0.667        1.2e-02   -0.004   1.5e-01   
465   -0.000        4.2e-02   0.667        1.2e-02   0.003    1.5e-01   
466   0.001         4.2e-02   0.666        1.2e-02   -0.002   1.5e-01   
467   -0.000        4.1e-02   0.666        1.2e-02   0.003    1.5e-01   
468   -0.001        4.1e-02   0.667        1.2e-02   -0.001   1.5e-01   
469   0.001         4.1e-02   0.666        1.2e-02   0.004    1.5e-01   
470   -0.001        4.2e-02   0.667        1.2e-02   -0.005   1.5e-01   
471   0.000         4.2e-02   0.668        1.2e-02   0.003    1.5e-01   
472   -0.000        4.2e-02   0.668        1.2e-02   -0.002   1.5e-01   
473   0.001         4.2e-02   0.667        1.2e-02   0.002    1.5e-01   
474   -0.000        4.2e-02   0.666        1.2e-02   -0.002   1.5e-01   
475   0.000         4.2e-02   0.666        1.2e-02   0.004    1.5e-01   
476   -0.000        4.1e-02   0.667        1.2e-02   -0.003   1.5e-01   
477   0.000         4.1e-02   0.666        1.2e-02   0.003    1.5e-01   
478   0.001         4.2e-02   0.666        1.2e-02   -0.004   1.5e-01   
479   -0.001        4.2e-02   0.667        1.2e-02   0.004    1.5e-01   
480   0.000         4.2e-02   0.667        1.2e-02   -0.002   1.5e-01   
481   -0.001        4.2e-02   0.666        1.2e-02   -0.000   1.5e-01   
482   0.001         4.2e-02   0.667        1.2e-02   -0.002   1.5e-01   
483   -0.001        4.2e-02   0.665        1.2e-02   0.002    1.5e-01   
484   0.002         4.2e-02   0.667        1.2e-02   -0.000   1.5e-01   
485   -0.004        4.1e-02   0.666        1.2e-02   -0.001   1.5e-01   
486   0.005         4.1e-02   0.666        1.3e-02   0.002    1.5e-01   
487   -0.005        4.1e-02   0.667        1.2e-02   -0.002   1.5e-01   
488   0.005         4.1e-02   0.667        1.2e-02   0.001    1.5e-01   
489   -0.005        4.2e-02   0.667        1.2e-02   -0.000   1.5e-01   
490   0.006         4.2e-02   0.667        1.2e-02   0.000    1.5e-01   
491   -0.007        4.2e-02   0.668        1.2e-02   -0.001   1.5e-01   
492   0.007         4.2e-02   0.668        1.2e-02   0.004    1.5e-01   
493   -0.010        4.2e-02   0.667        1.2e-02   -0.003   1.5e-01   
494   0.011         4.1e-02   0.667        1.2e-02   0.002    1.5e-01   
495   -0.011        4.2e-02   0.667        1.2e-02   -0.003   1.5e-01   
496   0.012         4.2e-02   0.668        1.2e-02   0.002    1.5e-01   
497   -0.014        4.1e-02   0.668        1.2e-02   -0.003   1.5e-01   
498   0.015         4.2e-02   0.666        1.2e-02   0.003    1.5e-01   
499   -0.018        4.2e-02   0.666        1.2e-02   -0.004   1.5e-01   
500   0.024         4.1e-02   0.667        1.2e-02   0.004    1.5e-01   
501   -0.031        4.1e-02   0.668        1.2e-02   -0.006   1.5e-01   
502   0.036         4.1e-02   0.667        1.2e-02   0.007    1.5e-01   
503   -0.045        4.1e-02   0.666        1.2e-02   -0.007   1.5e-01   
504   0.056         4.1e-02   0.667        1.2e-02   0.005    1.5e-01   
505   -0.069        4.0e-02   0.666        1.2e-02   -0.004   1.5e-01   
506   0.086         3.9e-02   0.667        1.2e-02   0.003    1.5e-01   
507   -0.110        3.8e-02   0.666        1.2e-02   -0.000   1.5e-01   
508   0.140         3.7e-02   0.667        1.2e-02   -0.000   1.5e-01   
509   -0.194        3.4e-02   0.667        1.2e-02   0.000    1.5e-01   
510   0.252         3.1e-02   0.667        1.2e-02   -0.000   1.5e-01   
511   -0.468        2.0e-02   0.668        1.2e-02   -0.000   1.5e-01   
