--------------------------------------------------------------------------------------------------------
system size:                                                                                       128  
d-field:                                                                                           0    
beta:                                                                                              25   
boundary conditions:                                                                           periodic 
--------------------------------------------------------------------------------------------------------
energy:                                                                                 -179.3601.1e-01 
string corr. squared:                                                                   -nan    -nan    
staggered mag. squared:                                                                 93.238  4.1e+00 
--------------------------------------------------------------------------------------------------------
Site  <S_i^zS_j^z>  error     <(S_i^z)^2>  error     <S_i^z>  error     
--------------------------------------------------------------------------------------------------------
0     0.667         2.2e-03   0.667        2.2e-03   0.667    2.2e-03   
1     -0.467        2.8e-03   0.667        2.2e-03   0.667    2.2e-03   
2     0.249         3.4e-03   0.667        2.2e-03   0.667    2.2e-03   
3     -0.191        3.6e-03   0.667        2.2e-03   0.667    2.2e-03   
4     0.138         3.8e-03   0.667        2.2e-03   0.667    2.2e-03   
5     -0.109        3.8e-03   0.666        2.2e-03   0.666    2.2e-03   
6     0.084         3.9e-03   0.666        2.2e-03   0.666    2.2e-03   
7     -0.068        3.9e-03   0.667        2.2e-03   0.667    2.2e-03   
8     0.054         4.0e-03   0.666        2.2e-03   0.666    2.2e-03   
9     -0.044        4.0e-03   0.667        2.2e-03   0.667    2.2e-03   
10    0.036         4.0e-03   0.667        2.2e-03   0.667    2.2e-03   
11    -0.029        4.0e-03   0.666        2.2e-03   0.666    2.2e-03   
12    0.023         4.0e-03   0.667        2.2e-03   0.667    2.2e-03   
13    -0.019        4.0e-03   0.667        2.2e-03   0.667    2.2e-03   
14    0.015         4.1e-03   0.667        2.2e-03   0.667    2.2e-03   
15    -0.012        4.1e-03   0.667        2.2e-03   0.667    2.2e-03   
16    0.009         4.1e-03   0.666        2.2e-03   0.666    2.2e-03   
17    -0.007        4.0e-03   0.666        2.2e-03   0.666    2.2e-03   
18    0.006         4.0e-03   0.667        2.2e-03   0.667    2.2e-03   
19    -0.006        4.0e-03   0.666        2.2e-03   0.666    2.2e-03   
20    0.005         4.0e-03   0.666        2.2e-03   0.666    2.2e-03   
21    -0.003        4.0e-03   0.667        2.2e-03   0.667    2.2e-03   
22    0.003         4.1e-03   0.667        2.2e-03   0.667    2.2e-03   
23    -0.002        4.0e-03   0.667        2.2e-03   0.667    2.2e-03   
24    0.001         4.0e-03   0.666        2.2e-03   0.666    2.2e-03   
25    -0.001        4.1e-03   0.667        2.2e-03   0.667    2.2e-03   
26    0.001         4.1e-03   0.666        2.2e-03   0.666    2.2e-03   
27    -0.001        4.0e-03   0.667        2.2e-03   0.667    2.2e-03   
28    0.001         4.0e-03   0.667        2.2e-03   0.667    2.2e-03   
29    -0.000        4.0e-03   0.667        2.2e-03   0.667    2.2e-03   
30    0.000         4.0e-03   0.666        2.2e-03   0.666    2.2e-03   
31    -0.000        4.0e-03   0.666        2.2e-03   0.666    2.2e-03   
32    -0.000        4.1e-03   0.667        2.2e-03   0.667    2.2e-03   
33    -0.000        4.0e-03   0.668        2.2e-03   0.668    2.2e-03   
34    0.000         4.0e-03   0.667        2.2e-03   0.667    2.2e-03   
35    -0.001        4.0e-03   0.666        2.2e-03   0.666    2.2e-03   
36    0.001         4.0e-03   0.667        2.2e-03   0.667    2.2e-03   
37    -0.001        4.0e-03   0.667        2.2e-03   0.667    2.2e-03   
38    0.001         4.0e-03   0.666        2.2e-03   0.666    2.2e-03   
39    -0.001        4.0e-03   0.666        2.2e-03   0.666    2.2e-03   
40    0.000         4.0e-03   0.666        2.2e-03   0.666    2.2e-03   
41    -0.000        4.0e-03   0.667        2.2e-03   0.667    2.2e-03   
42    -0.001        4.1e-03   0.666        2.2e-03   0.666    2.2e-03   
43    0.000         4.1e-03   0.667        2.2e-03   0.667    2.2e-03   
44    0.000         4.0e-03   0.666        2.2e-03   0.666    2.2e-03   
45    -0.000        4.0e-03   0.666        2.2e-03   0.666    2.2e-03   
46    0.000         4.0e-03   0.666        2.2e-03   0.666    2.2e-03   
47    -0.000        4.0e-03   0.665        2.2e-03   0.665    2.2e-03   
48    0.001         4.0e-03   0.666        2.2e-03   0.666    2.2e-03   
49    -0.000        4.1e-03   0.666        2.2e-03   0.666    2.2e-03   
50    -0.000        4.1e-03   0.667        2.2e-03   0.667    2.2e-03   
51    -0.000        4.1e-03   0.667        2.2e-03   0.667    2.2e-03   
52    0.000         4.1e-03   0.667        2.2e-03   0.667    2.2e-03   
53    -0.000        4.0e-03   0.667        2.2e-03   0.667    2.2e-03   
54    -0.001        4.0e-03   0.667        2.2e-03   0.667    2.2e-03   
55    0.001         4.0e-03   0.667        2.2e-03   0.667    2.2e-03   
56    -0.001        4.0e-03   0.667        2.2e-03   0.667    2.2e-03   
57    0.001         4.1e-03   0.666        2.2e-03   0.666    2.2e-03   
58    -0.002        4.1e-03   0.666        2.2e-03   0.666    2.2e-03   
59    0.002         4.1e-03   0.666        2.2e-03   0.666    2.2e-03   
60    -0.001        4.0e-03   0.666        2.2e-03   0.666    2.2e-03   
61    0.000         4.0e-03   0.666        2.2e-03   0.666    2.2e-03   
62    -0.001        4.1e-03   0.667        2.2e-03   0.667    2.2e-03   
63    0.002         4.0e-03   0.667        2.2e-03   0.667    2.2e-03   
64    -0.002        4.0e-03   0.668        2.2e-03   0.668    2.2e-03   
65    0.001         4.0e-03   0.667        2.2e-03   0.667    2.2e-03   
66    -0.000        4.0e-03   0.666        2.2e-03   0.666    2.2e-03   
67    0.001         4.0e-03   0.666        2.2e-03   0.666    2.2e-03   
68    -0.001        4.0e-03   0.667        2.2e-03   0.667    2.2e-03   
69    0.001         4.0e-03   0.667        2.2e-03   0.667    2.2e-03   
70    -0.001        4.0e-03   0.667        2.2e-03   0.667    2.2e-03   
71    0.001         4.0e-03   0.667        2.2e-03   0.667    2.2e-03   
72    -0.001        4.0e-03   0.667        2.2e-03   0.667    2.2e-03   
73    0.001         4.0e-03   0.665        2.2e-03   0.665    2.2e-03   
74    -0.000        4.1e-03   0.667        2.2e-03   0.667    2.2e-03   
75    0.000         4.0e-03   0.667        2.2e-03   0.667    2.2e-03   
76    0.000         4.0e-03   0.666        2.2e-03   0.666    2.2e-03   
77    0.001         4.0e-03   0.667        2.2e-03   0.667    2.2e-03   
78    -0.001        4.0e-03   0.667        2.2e-03   0.667    2.2e-03   
79    -0.000        4.1e-03   0.667        2.2e-03   0.667    2.2e-03   
80    -0.000        4.0e-03   0.666        2.2e-03   0.666    2.2e-03   
81    -0.000        4.0e-03   0.666        2.2e-03   0.666    2.2e-03   
82    0.001         4.1e-03   0.667        2.2e-03   0.667    2.2e-03   
83    -0.000        4.0e-03   0.667        2.2e-03   0.667    2.2e-03   
84    0.000         4.0e-03   0.666        2.2e-03   0.666    2.2e-03   
85    -0.000        4.0e-03   0.667        2.2e-03   0.667    2.2e-03   
86    -0.000        4.0e-03   0.667        2.2e-03   0.667    2.2e-03   
87    -0.000        4.0e-03   0.667        2.2e-03   0.667    2.2e-03   
88    0.001         4.0e-03   0.667        2.2e-03   0.667    2.2e-03   
89    -0.000        4.0e-03   0.667        2.2e-03   0.667    2.2e-03   
90    -0.000        4.0e-03   0.667        2.2e-03   0.667    2.2e-03   
91    0.001         4.0e-03   0.667        2.2e-03   0.667    2.2e-03   
92    -0.002        4.0e-03   0.667        2.2e-03   0.667    2.2e-03   
93    0.001         4.0e-03   0.667        2.2e-03   0.667    2.2e-03   
94    -0.001        4.0e-03   0.666        2.2e-03   0.666    2.2e-03   
95    0.001         4.1e-03   0.667        2.2e-03   0.667    2.2e-03   
96    -0.001        4.1e-03   0.667        2.2e-03   0.667    2.2e-03   
97    0.002         4.1e-03   0.667        2.2e-03   0.667    2.2e-03   
98    -0.001        4.1e-03   0.668        2.2e-03   0.668    2.2e-03   
99    -0.000        4.0e-03   0.667        2.2e-03   0.667    2.2e-03   
100   0.001         4.0e-03   0.667        2.2e-03   0.667    2.2e-03   
101   -0.000        4.0e-03   0.666        2.2e-03   0.666    2.2e-03   
102   0.001         4.0e-03   0.667        2.2e-03   0.667    2.2e-03   
103   -0.002        4.0e-03   0.666        2.2e-03   0.666    2.2e-03   
104   0.002         4.0e-03   0.666        2.2e-03   0.666    2.2e-03   
105   -0.002        4.0e-03   0.666        2.2e-03   0.666    2.2e-03   
106   0.003         4.0e-03   0.667        2.2e-03   0.667    2.2e-03   
107   -0.004        4.0e-03   0.666        2.2e-03   0.666    2.2e-03   
108   0.004         4.0e-03   0.666        2.2e-03   0.666    2.2e-03   
109   -0.005        4.0e-03   0.666        2.2e-03   0.666    2.2e-03   
110   0.006         4.0e-03   0.666        2.2e-03   0.666    2.2e-03   
111   -0.008        4.0e-03   0.667        2.2e-03   0.667    2.2e-03   
112   0.010         4.0e-03   0.666        2.2e-03   0.666    2.2e-03   
113   -0.012        4.1e-03   0.667        2.2e-03   0.667    2.2e-03   
114   0.015         4.0e-03   0.667        2.2e-03   0.667    2.2e-03   
115   -0.019        4.0e-03   0.667        2.2e-03   0.667    2.2e-03   
116   0.023         4.0e-03   0.667        2.2e-03   0.667    2.2e-03   
117   -0.028        4.0e-03   0.667        2.2e-03   0.667    2.2e-03   
118   0.035         4.0e-03   0.666        2.2e-03   0.666    2.2e-03   
119   -0.043        4.0e-03   0.667        2.2e-03   0.667    2.2e-03   
120   0.053         4.0e-03   0.667        2.2e-03   0.667    2.2e-03   
121   -0.067        4.0e-03   0.666        2.2e-03   0.666    2.2e-03   
122   0.083         4.0e-03   0.667        2.2e-03   0.667    2.2e-03   
123   -0.109        3.9e-03   0.667        2.2e-03   0.667    2.2e-03   
124   0.139         3.8e-03   0.667        2.2e-03   0.667    2.2e-03   
125   -0.191        3.6e-03   0.667        2.2e-03   0.667    2.2e-03   
126   0.250         3.4e-03   0.667        2.2e-03   0.667    2.2e-03   
127   -0.467        2.8e-03   0.667        2.2e-03   0.667    2.2e-03   
