--------------------------------------------------------------------------------------------------------
system size:                                                                                       128  
d-field:                                                                                           -0.4 
beta:                                                                                              10   
boundary conditions:                                                                           periodic 
--------------------------------------------------------------------------------------------------------
energy:                                                                                 -216.7012.9e+01 
string corr. squared:                                                                   41.997  2.6e+01 
staggered mag. squared:                                                                 6369.5287.1e+06 
--------------------------------------------------------------------------------------------------------
Site  <S_i^zS_j^z>  error     <(S_i^z)^2>  error     <S_i^z>  error     String Correlations   error     
--------------------------------------------------------------------------------------------------------
0     0.807         9.0e-03   0.807        9.0e-03   0.050    1.9e-01   0.615                 2.1e-01   
1     -0.688        1.8e-02   0.808        9.1e-03   -0.050   1.9e-01   0.615                 2.1e-01   
2     0.555         3.2e-02   0.808        9.1e-03   0.050    1.9e-01   0.615                 2.1e-01   
3     -0.527        3.8e-02   0.808        9.1e-03   -0.049   1.9e-01   0.616                 2.1e-01   
4     0.504         4.4e-02   0.809        9.0e-03   0.048    1.9e-01   0.617                 2.1e-01   
5     -0.491        4.9e-02   0.808        9.0e-03   -0.046   1.9e-01   0.616                 2.1e-01   
6     0.480         5.3e-02   0.809        8.9e-03   0.046    1.9e-01   0.616                 2.1e-01   
7     -0.471        5.7e-02   0.808        9.1e-03   -0.045   1.8e-01   0.616                 2.1e-01   
8     0.463         6.2e-02   0.808        9.1e-03   0.044    1.8e-01   0.616                 2.1e-01   
9     -0.456        6.6e-02   0.808        9.0e-03   -0.043   1.8e-01   0.616                 2.1e-01   
10    0.452         6.9e-02   0.808        9.1e-03   0.041    1.8e-01   0.616                 2.1e-01   
11    -0.447        7.1e-02   0.809        8.9e-03   -0.042   1.8e-01   0.616                 2.1e-01   
12    0.442         7.4e-02   0.808        9.0e-03   0.041    1.8e-01   0.616                 2.1e-01   
13    -0.438        7.7e-02   0.808        9.0e-03   -0.040   1.8e-01   0.616                 2.1e-01   
14    0.436         7.9e-02   0.809        9.0e-03   0.040    1.8e-01   0.616                 2.1e-01   
15    -0.432        8.2e-02   0.808        9.0e-03   -0.041   1.8e-01   0.616                 2.1e-01   
16    0.429         8.4e-02   0.809        9.0e-03   0.042    1.9e-01   0.616                 2.1e-01   
17    -0.427        8.6e-02   0.809        9.0e-03   -0.041   1.9e-01   0.617                 2.1e-01   
18    0.424         8.8e-02   0.808        9.1e-03   0.041    1.9e-01   0.616                 2.1e-01   
19    -0.422        8.9e-02   0.808        9.1e-03   -0.042   1.9e-01   0.616                 2.1e-01   
20    0.419         9.1e-02   0.807        9.1e-03   0.042    1.9e-01   0.616                 2.1e-01   
21    -0.417        9.3e-02   0.808        9.0e-03   -0.043   1.9e-01   0.617                 2.1e-01   
22    0.416         9.4e-02   0.809        9.0e-03   0.044    1.9e-01   0.617                 2.1e-01   
23    -0.414        9.5e-02   0.809        9.0e-03   -0.045   1.9e-01   0.617                 2.1e-01   
24    0.411         9.7e-02   0.809        9.0e-03   0.044    1.9e-01   0.617                 2.1e-01   
25    -0.409        9.9e-02   0.808        8.9e-03   -0.045   1.9e-01   0.617                 2.1e-01   
26    0.408         1.0e-01   0.809        8.9e-03   0.046    1.9e-01   0.618                 2.1e-01   
27    -0.407        1.0e-01   0.809        9.0e-03   -0.045   1.9e-01   0.618                 2.1e-01   
28    0.405         1.0e-01   0.810        8.9e-03   0.045    1.9e-01   0.618                 2.1e-01   
29    -0.403        1.0e-01   0.809        9.0e-03   -0.045   1.9e-01   0.617                 2.1e-01   
30    0.400         1.0e-01   0.809        9.0e-03   0.045    1.9e-01   0.617                 2.1e-01   
31    -0.398        1.1e-01   0.808        9.0e-03   -0.045   1.8e-01   0.616                 2.1e-01   
32    0.397         1.1e-01   0.809        9.0e-03   0.047    1.8e-01   0.617                 2.1e-01   
33    -0.394        1.1e-01   0.808        9.0e-03   -0.047   1.8e-01   0.616                 2.1e-01   
34    0.392         1.1e-01   0.808        9.1e-03   0.048    1.8e-01   0.616                 2.1e-01   
35    -0.390        1.1e-01   0.808        9.1e-03   -0.050   1.8e-01   0.616                 2.1e-01   
36    0.389         1.1e-01   0.808        9.0e-03   0.052    1.8e-01   0.616                 2.1e-01   
37    -0.386        1.1e-01   0.808        9.0e-03   -0.053   1.8e-01   0.616                 2.1e-01   
38    0.384         1.1e-01   0.808        9.1e-03   0.055    1.8e-01   0.617                 2.1e-01   
39    -0.380        1.2e-01   0.808        9.1e-03   -0.055   1.8e-01   0.617                 2.1e-01   
40    0.378         1.2e-01   0.808        9.1e-03   0.055    1.8e-01   0.618                 2.1e-01   
41    -0.375        1.2e-01   0.808        9.1e-03   -0.054   1.8e-01   0.617                 2.1e-01   
42    0.372         1.2e-01   0.808        9.1e-03   0.055    1.8e-01   0.616                 2.1e-01   
43    -0.371        1.2e-01   0.809        9.1e-03   -0.054   1.8e-01   0.617                 2.1e-01   
44    0.367         1.2e-01   0.808        9.1e-03   0.053    1.8e-01   0.617                 2.1e-01   
45    -0.365        1.2e-01   0.809        9.0e-03   -0.054   1.8e-01   0.617                 2.1e-01   
46    0.363         1.3e-01   0.808        9.0e-03   0.055    1.8e-01   0.617                 2.1e-01   
47    -0.362        1.3e-01   0.808        9.0e-03   -0.055   1.8e-01   0.617                 2.1e-01   
48    0.360         1.3e-01   0.808        8.9e-03   0.055    1.8e-01   0.617                 2.1e-01   
49    -0.358        1.3e-01   0.808        9.1e-03   -0.056   1.8e-01   0.617                 2.1e-01   
50    0.357         1.3e-01   0.809        9.0e-03   0.054    1.8e-01   0.618                 2.1e-01   
51    -0.356        1.3e-01   0.808        9.0e-03   -0.053   1.8e-01   0.617                 2.1e-01   
52    0.354         1.3e-01   0.808        9.0e-03   0.054    1.8e-01   0.617                 2.1e-01   
53    -0.352        1.3e-01   0.808        9.1e-03   -0.054   1.8e-01   0.617                 2.1e-01   
54    0.352         1.3e-01   0.809        9.0e-03   0.054    1.8e-01   0.618                 2.1e-01   
55    -0.351        1.3e-01   0.809        9.0e-03   -0.054   1.8e-01   0.618                 2.1e-01   
56    0.350         1.3e-01   0.808        9.1e-03   0.052    1.8e-01   0.618                 2.1e-01   
57    -0.350        1.3e-01   0.808        9.0e-03   -0.051   1.8e-01   0.619                 2.1e-01   
58    0.348         1.3e-01   0.808        9.1e-03   0.052    1.8e-01   0.619                 2.1e-01   
59    -0.346        1.3e-01   0.808        9.2e-03   -0.051   1.8e-01   0.619                 2.1e-01   
60    0.346         1.3e-01   0.809        9.0e-03   0.048    1.8e-01   0.622                 2.1e-01   
61    -0.345        1.3e-01   0.809        9.0e-03   -0.047   1.8e-01   0.626                 2.1e-01   
62    0.344         1.3e-01   0.808        9.0e-03   0.047    1.8e-01   0.633                 2.0e-01   
63    -0.344        1.3e-01   0.807        9.0e-03   -0.045   1.8e-01   0.689                 1.7e-01   
64    0.343         1.3e-01   0.808        9.1e-03   0.042    1.8e-01                                   
65    -0.343        1.3e-01   0.808        8.9e-03   -0.042   1.8e-01                                   
66    0.343         1.3e-01   0.808        9.1e-03   0.041    1.8e-01                                   
67    -0.343        1.3e-01   0.808        9.1e-03   -0.041   1.8e-01                                   
68    0.343         1.3e-01   0.808        9.1e-03   0.040    1.8e-01                                   
69    -0.343        1.3e-01   0.807        9.0e-03   -0.039   1.8e-01                                   
70    0.343         1.3e-01   0.807        9.1e-03   0.040    1.8e-01                                   
71    -0.343        1.3e-01   0.807        9.1e-03   -0.038   1.8e-01                                   
72    0.343         1.3e-01   0.807        9.1e-03   0.037    1.8e-01                                   
73    -0.342        1.3e-01   0.807        9.1e-03   -0.037   1.8e-01                                   
74    0.342         1.3e-01   0.807        9.0e-03   0.035    1.8e-01                                   
75    -0.342        1.3e-01   0.808        9.1e-03   -0.033   1.8e-01                                   
76    0.342         1.3e-01   0.808        9.1e-03   0.031    1.8e-01                                   
77    -0.341        1.3e-01   0.807        9.1e-03   -0.030   1.8e-01                                   
78    0.341         1.3e-01   0.808        9.2e-03   0.030    1.8e-01                                   
79    -0.340        1.3e-01   0.808        9.0e-03   -0.030   1.9e-01                                   
80    0.340         1.3e-01   0.808        9.1e-03   0.028    1.9e-01                                   
81    -0.339        1.3e-01   0.808        9.1e-03   -0.028   1.9e-01                                   
82    0.339         1.3e-01   0.808        9.1e-03   0.028    1.9e-01                                   
83    -0.339        1.3e-01   0.809        9.0e-03   -0.027   1.9e-01                                   
84    0.339         1.3e-01   0.809        9.1e-03   0.027    1.9e-01                                   
85    -0.338        1.3e-01   0.809        9.1e-03   -0.029   1.9e-01                                   
86    0.338         1.3e-01   0.808        9.1e-03   0.028    2.0e-01                                   
87    -0.339        1.3e-01   0.809        9.0e-03   -0.028   2.0e-01                                   
88    0.340         1.3e-01   0.809        9.1e-03   0.027    2.0e-01                                   
89    -0.342        1.3e-01   0.809        9.0e-03   -0.027   2.0e-01                                   
90    0.343         1.3e-01   0.809        9.0e-03   0.028    2.0e-01                                   
91    -0.345        1.3e-01   0.809        8.9e-03   -0.028   2.0e-01                                   
92    0.347         1.3e-01   0.810        8.9e-03   0.028    2.0e-01                                   
93    -0.349        1.3e-01   0.810        9.0e-03   -0.029   2.0e-01                                   
94    0.350         1.3e-01   0.809        9.0e-03   0.031    2.0e-01                                   
95    -0.352        1.2e-01   0.809        9.1e-03   -0.031   2.0e-01                                   
96    0.354         1.2e-01   0.809        9.1e-03   0.033    2.0e-01                                   
97    -0.355        1.2e-01   0.808        9.1e-03   -0.035   2.0e-01                                   
98    0.356         1.2e-01   0.808        8.9e-03   0.035    2.0e-01                                   
99    -0.359        1.2e-01   0.808        9.0e-03   -0.037   2.0e-01                                   
100   0.362         1.2e-01   0.809        8.9e-03   0.039    2.0e-01                                   
101   -0.365        1.2e-01   0.808        9.0e-03   -0.040   2.0e-01                                   
102   0.368         1.2e-01   0.808        9.1e-03   0.041    2.0e-01                                   
103   -0.370        1.1e-01   0.808        9.1e-03   -0.042   2.0e-01                                   
104   0.373         1.1e-01   0.807        9.1e-03   0.041    2.0e-01                                   
105   -0.377        1.1e-01   0.807        9.2e-03   -0.041   2.0e-01                                   
106   0.381         1.1e-01   0.807        9.2e-03   0.042    2.0e-01                                   
107   -0.385        1.1e-01   0.807        9.2e-03   -0.043   2.0e-01                                   
108   0.389         1.0e-01   0.807        9.2e-03   0.043    2.0e-01                                   
109   -0.394        1.0e-01   0.806        9.3e-03   -0.043   2.0e-01                                   
110   0.397         9.8e-02   0.806        9.2e-03   0.042    2.0e-01                                   
111   -0.402        9.5e-02   0.806        9.2e-03   -0.041   2.0e-01                                   
112   0.408         9.3e-02   0.807        9.1e-03   0.040    2.0e-01                                   
113   -0.413        9.0e-02   0.806        9.2e-03   -0.039   2.0e-01                                   
114   0.418         8.6e-02   0.806        9.2e-03   0.038    2.0e-01                                   
115   -0.423        8.3e-02   0.807        9.2e-03   -0.039   2.0e-01                                   
116   0.429         8.0e-02   0.807        9.1e-03   0.040    2.0e-01                                   
117   -0.435        7.5e-02   0.807        9.2e-03   -0.041   2.0e-01                                   
118   0.441         7.1e-02   0.807        9.2e-03   0.040    2.0e-01                                   
119   -0.449        6.7e-02   0.807        9.2e-03   -0.041   2.0e-01                                   
120   0.458         6.3e-02   0.806        9.3e-03   0.041    2.0e-01                                   
121   -0.465        5.9e-02   0.806        9.3e-03   -0.041   2.0e-01                                   
122   0.474         5.5e-02   0.807        9.2e-03   0.042    1.9e-01                                   
123   -0.486        5.0e-02   0.806        9.1e-03   -0.044   1.9e-01                                   
124   0.501         4.4e-02   0.807        9.1e-03   0.047    1.9e-01                                   
125   -0.526        3.8e-02   0.807        9.1e-03   -0.047   1.9e-01                                   
126   0.557         3.2e-02   0.808        9.2e-03   0.048    1.9e-01                                   
127   -0.689        1.7e-02   0.808        8.9e-03   -0.050   1.9e-01                                   
